{
  "frames": [
    {
      "file_path": "cam00/frame_00000000.png",
      "sharpness": 6.194871397399904,
      "transform_matrix": [
        [
          -0.455015480430905,
          0.3899583218626441,
          -0.8005581926186575,
          -3.2470719694866315
        ],
        [
          -0.8771388125959646,
          -0.041216467189753456,
          0.4784649477967404,
          2.049961827409008
        ],
        [
          0.15358520763335926,
          0.9199096205785826,
          0.36080171002052486,
          2.247685011042289
        ],
        [
          0.0,
          0.0,
          0.0,
          1.0
        ]
      ],
      "camera_angle_x": 1.1249659044320974,
      "camera_angle_y": 0.6826426591762351,
      "fl_x": 1015.2061211097563,
      "fl_y": 1013.4443488751059,
      "k1": -0.40024454735304127,
      "k2": 0.1407007680239311,
      "p1": 0.000269572512644921,
      "p2": -1.117521055491982e-05,
      "is_fisheye": false,
      "cx": 611.4492505421674,
      "cy": 358.0175488611932,
      "w": 1280.0,
      "h": 720.0,
      "aabb_scale": 4
    },
    {
      "file_path": "cam01/frame_00000000.png",
      "sharpness": 9.891085069444445,
      "transform_matrix": [
        [
          0.5281812949581689,
          0.27224976417782876,
          -0.804303789343291,
          -3.2806730174539145
        ],
        [
          -0.8475403637661102,
          0.22699042232403224,
          -0.4797402213285507,
          -2.181666574549402
        ],
        [
          0.05196009469653572,
          0.935069737543306,
          0.35063475937272387,
          2.255097688791271
        ],
        [
          0.0,
          0.0,
          0.0,
          1.0
        ]
      ],
      "camera_angle_x": 1.1227480335257842,
      "camera_angle_y": 0.6821442977845349,
      "fl_x": 1017.7060462815803,
      "fl_y": 1014.2455211656924,
      "k1": -0.3993980345801158,
      "k2": 0.14090687825805656,
      "p1": -0.0012028919129445758,
      "p2": 4.411578723340837e-05,
      "is_fisheye": false,
      "cx": 671.1020987844408,
      "cy": 335.11507430573874,
      "w": 1280.0,
      "h": 720.0,
      "aabb_scale": 4
    },
    {
      "file_path": "cam02/frame_00000000.png",
      "sharpness": 6.947630208333333,
      "transform_matrix": [
        [
          -0.06266574223438466,
          -0.5177482859237887,
          -0.8532348546348426,
          -3.07540008332696
        ],
        [
          -0.9974746525334809,
          0.0038577497688030886,
          0.07091851182824324,
          -0.0320951145971319
        ],
        [
          -0.03342637137613657,
          0.8555243013382194,
          -0.5166825403542531,
          -2.0816251154097563
        ],
        [
          0.0,
          0.0,
          0.0,
          1.0
        ]
      ],
      "camera_angle_x": 1.1298298325616996,
      "camera_angle_y": 0.6817165696193294,
      "fl_x": 1009.754297692106,
      "fl_y": 1014.934040137142,
      "k1": -0.41128825799563573,
      "k2": 0.1693153146994027,
      "p1": -0.002015107029675512,
      "p2": 0.0010418777625016101,
      "is_fisheye": false,
      "cx": 650.650460258541,
      "cy": 321.1014069526272,
      "w": 1280.0,
      "h": 720.0,
      "aabb_scale": 4
    },
    {
      "file_path": "cam03/frame_00000000.png",
      "sharpness": 5.549895833333333,
      "transform_matrix": [
        [
          -0.3612375082242563,
          -0.526312153475237,
          -0.7697421514680988,
          -3.066278667395557
        ],
        [
          -0.8866293132214531,
          -0.06178165883667361,
          0.4583355621898027,
          2.086194531266609
        ],
        [
          -0.28878352374460775,
          0.8480439515297721,
          -0.44432593068373255,
          -2.097027654258507
        ],
        [
          0.0,
          0.0,
          0.0,
          1.0
        ]
      ],
      "camera_angle_x": 1.127647256516508,
      "camera_angle_y": 0.6841971432703652,
      "fl_x": 1012.1954907796826,
      "fl_y": 1010.9525446051265,
      "k1": -0.404102897786123,
      "k2": 0.1452471282685121,
      "p1": -0.001970293057995484,
      "p2": 0.00023382304674398908,
      "is_fisheye": false,
      "cx": 681.6163495799722,
      "cy": 366.8463155352041,
      "w": 1280.0,
      "h": 720.0,
      "aabb_scale": 4
    },
    {
      "file_path": "cam04/frame_00000000.png",
      "sharpness": 9.223053385416666,
      "transform_matrix": [
        [
          0.5799624704770338,
          0.16673462288129934,
          -0.7973977040105865,
          -3.2225527526600497
        ],
        [
          -0.8089981879447173,
          0.23291117445325293,
          -0.5396983571560785,
          -2.125635478569074
        ],
        [
          0.09573643369735756,
          0.9580980901444786,
          0.2699677479162329,
          -0.0800110621298844
        ],
        [
          0.0,
          0.0,
          0.0,
          1.0
        ]
      ],
      "camera_angle_x": 1.1122776330719528,
      "camera_angle_y": 0.6766502261222341,
      "fl_x": 1029.6281688051697,
      "fl_y": 1023.1530237496175,
      "k1": -0.3986211884425533,
      "k2": 0.14841586382415756,
      "p1": 0.0014058476784058473,
      "p2": -0.0003656088616564871,
      "is_fisheye": false,
      "cx": 638.9643902447381,
      "cy": 360.4722913612733,
      "w": 1280.0,
      "h": 720.0,
      "aabb_scale": 4
    },
    {
      "file_path": "cam05/frame_00000000.png",
      "sharpness": 3.9231640625,
      "transform_matrix": [
        [
          0.42266730626084204,
          -0.47144461921081776,
          -0.7740105420638141,
          -3.1419101929792896
        ],
        [
          -0.8865339983397703,
          -0.037748847232641575,
          -0.46112091073850364,
          -2.193100230140508
        ],
        [
          0.18817496646443832,
          0.8810873938153555,
          -0.4339068868390094,
          -2.0999604801595346
        ],
        [
          0.0,
          0.0,
          0.0,
          1.0
        ]
      ],
      "camera_angle_x": 1.1229150423657213,
      "camera_angle_y": 0.6822886494459898,
      "fl_x": 1017.5174915129045,
      "fl_y": 1014.0133438494,
      "k1": -0.398759251997064,
      "k2": 0.14135515302032592,
      "p1": -0.0005632550778193522,
      "p2": 0.0020080248529038883,
      "is_fisheye": false,
      "cx": 655.3352603439596,
      "cy": 351.1692090849091,
      "w": 1280.0,
      "h": 720.0,
      "aabb_scale": 4
    },
    {
      "file_path": "cam06/frame_00000000.png",
      "sharpness": 12.462703523752426,
      "transform_matrix": [
        [
          0.05832383512975659,
          0.4645838253585753,
          -0.8836063600164376,
          -3.217129373307224
        ],
        [
          -0.9974886953390659,
          0.06274721703961962,
          -0.03284949656465214,
          -0.05810188646068911
        ],
        [
          0.04018249527443023,
          0.8833032638678298,
          0.46707677217402777,
          2.172518223259991
        ],
        [
          0.0,
          0.0,
          0.0,
          1.0
        ]
      ],
      "camera_angle_x": 1.1311524176007735,
      "camera_angle_y": 0.6855511991213691,
      "fl_x": 1008.279083915087,
      "fl_y": 1008.7908699040565,
      "k1": -0.40717572067177193,
      "k2": 0.14925034911929372,
      "p1": 0.0010437379695716954,
      "p2": -0.002748107638963185,
      "is_fisheye": false,
      "cx": 622.9275635262068,
      "cy": 369.2794933825835,
      "w": 1280.0,
      "h": 720.0,
      "aabb_scale": 4
    },
    {
      "file_path": "cam07/frame_00000000.png",
      "sharpness": 13.289069010416666,
      "transform_matrix": [
        [
          -0.6400790162927511,
          0.10566059151453525,
          -0.7610089961971878,
          -3.208723100648862
        ],
        [
          -0.767899909710061,
          -0.05565702427681172,
          0.6381473374667728,
          2.0092565923837795
        ],
        [
          0.02507152897394596,
          0.9928434594839347,
          0.11676165203280674,
          0.04278445873194193
        ],
        [
          0.0,
          0.0,
          0.0,
          1.0
        ]
      ],
      "camera_angle_x": 1.1304997920454707,
      "camera_angle_y": 0.6868733455753074,
      "fl_x": 1009.0066392155666,
      "fl_y": 1006.6880366122328,
      "k1": -0.4061905924708069,
      "k2": 0.1513071753568546,
      "p1": -0.000868475878604688,
      "p2": -0.00014494420699203613,
      "is_fisheye": false,
      "cx": 642.3009196913591,
      "cy": 376.9426862311106,
      "w": 1280.0,
      "h": 720.0,
      "aabb_scale": 4
    },
    {
      "file_path": "cam08/frame_00000000.png",
      "sharpness": 9.004518229166667,
      "transform_matrix": [
        [
          0.8538562061023128,
          0.2569545323239617,
          -0.45266317235808706,
          -2.261962158832514
        ],
        [
          -0.5184470925111019,
          0.34251507611574394,
          -0.7835151784746808,
          -3.274548911313944
        ],
        [
          -0.04628381531866277,
          0.9036912033118695,
          0.42567595361594196,
          2.2564947184654165
        ],
        [
          0.0,
          0.0,
          0.0,
          1.0
        ]
      ],
      "camera_angle_x": 1.108718174002446,
      "camera_angle_y": 0.6725169852420428,
      "fl_x": 1033.7269859774253,
      "fl_y": 1029.9464327642477,
      "k1": -0.42558583116086174,
      "k2": 0.18804397248139493,
      "p1": -4.595164326378841e-05,
      "p2": -0.0008255720126011,
      "is_fisheye": false,
      "cx": 681.4010916566962,
      "cy": 354.1003635095203,
      "w": 1280.0,
      "h": 720.0,
      "aabb_scale": 4
    },
    {
      "file_path": "cam09/frame_00000000.png",
      "sharpness": 9.818600260416666,
      "transform_matrix": [
        [
          0.9549478380154265,
          -0.07585706105491617,
          0.286915201668232,
          2.1353784171055774
        ],
        [
          0.28189987341843087,
          0.5340820809073503,
          -0.7970500562827577,
          -3.260020020609308
        ],
        [
          -0.09277439316765593,
          0.8420225870693917,
          0.5314046243945293,
          2.441309483049951
        ],
        [
          0.0,
          0.0,
          0.0,
          1.0
        ]
      ],
      "camera_angle_x": 1.1244293999374417,
      "camera_angle_y": 0.6827657210706092,
      "fl_x": 1015.8100477105106,
      "fl_y": 1013.2466859836513,
      "k1": -0.4198108818919795,
      "k2": 0.168953408875125,
      "p1": 0.0005219746195495045,
      "p2": -0.00018407044651491677,
      "is_fisheye": false,
      "cx": 625.6020504606577,
      "cy": 361.2722880074703,
      "w": 1280.0,
      "h": 720.0,
      "aabb_scale": 4
    },
    {
      "file_path": "cam10/frame_00000000.png",
      "sharpness": 3.629677734232537,
      "transform_matrix": [
        [
          0.9918472283988868,
          -0.12181622662880245,
          0.037415002845318325,
          -0.0824590102395278
        ],
        [
          0.08763445370634527,
          0.43886519841858673,
          -0.8942692771982077,
          -3.238122848703765
        ],
        [
          0.0925163662908096,
          0.890257347366089,
          0.44596252916538615,
          2.3930599023874035
        ],
        [
          0.0,
          0.0,
          0.0,
          1.0
        ]
      ],
      "camera_angle_x": 1.0999812715025008,
      "camera_angle_y": 0.6663027931527403,
      "fl_x": 1043.8884481364528,
      "fl_y": 1040.3126560625976,
      "k1": -0.4365056854632365,
      "k2": 0.20290469117871013,
      "p1": 0.0013381185300306694,
      "p2": 0.00019496074889806324,
      "is_fisheye": false,
      "cx": 597.4752702368129,
      "cy": 388.8964196961177,
      "w": 1280.0,
      "h": 720.0,
      "aabb_scale": 4
    },
    {
      "file_path": "cam11/frame_00000000.png",
      "sharpness": 3.57013671875,
      "transform_matrix": [
        [
          0.8695949188395732,
          -0.30520446950139635,
          -0.388142897545886,
          -2.052819629334789
        ],
        [
          -0.4659707815758224,
          -0.24723142263586154,
          -0.8495574461912896,
          -3.231905418959326
        ],
        [
          0.16332760892949857,
          0.9196340878028303,
          -0.35720755409562394,
          -2.0893006516242503
        ],
        [
          0.0,
          0.0,
          0.0,
          1.0
        ]
      ],
      "camera_angle_x": 1.12404895279823,
      "camera_angle_y": 0.6823031729261886,
      "fl_x": 1016.2386170779617,
      "fl_y": 1013.9899892988927,
      "k1": -0.39828254436292077,
      "k2": 0.14038507503093803,
      "p1": -0.00503529410732866,
      "p2": -0.0011920543378184656,
      "is_fisheye": false,
      "cx": 626.6231650189466,
      "cy": 337.5800601391649,
      "w": 1280.0,
      "h": 720.0,
      "aabb_scale": 4
    },
    {
      "file_path": "cam12/frame_00000000.png",
      "sharpness": 3.5715342881944445,
      "transform_matrix": [
        [
          0.9992988159611372,
          -0.037061306192771815,
          0.005323156253853564,
          0.15649153056235954
        ],
        [
          -0.013671989382747789,
          -0.4935466270056248,
          -0.8696118695588789,
          -3.184171227089592
        ],
        [
          0.03485617758070371,
          0.8689293334601533,
          -0.4937072617731123,
          -1.929172902989785
        ],
        [
          0.0,
          0.0,
          0.0,
          1.0
        ]
      ],
      "camera_angle_x": 1.1235382842462702,
      "camera_angle_y": 0.6785055793213876,
      "fl_x": 1016.8142865456313,
      "fl_y": 1020.1294451846541,
      "k1": -0.38801754909009556,
      "k2": 0.13422041532782633,
      "p1": -0.0011674216284309521,
      "p2": -0.0003567646410624486,
      "is_fisheye": false,
      "cx": 644.6203785966023,
      "cy": 343.2973230409729,
      "w": 1280.0,
      "h": 720.0,
      "aabb_scale": 4
    },
    {
      "file_path": "cam13/frame_00000000.png",
      "sharpness": 2.896156684027778,
      "transform_matrix": [
        [
          0.9425727444371278,
          0.10515630432382993,
          0.3170154146027663,
          2.328428281884488
        ],
        [
          0.32947350052348,
          -0.44848363848096784,
          -0.8308487458422723,
          -3.2202566842497866
        ],
        [
          0.054807243030738785,
          0.8875835609497719,
          -0.4573746696458391,
          -1.8479494542195152
        ],
        [
          0.0,
          0.0,
          0.0,
          1.0
        ]
      ],
      "camera_angle_x": 1.1248849782072858,
      "camera_angle_y": 0.6801743874131648,
      "fl_x": 1015.2971843505612,
      "fl_y": 1017.423417567345,
      "k1": -0.4149790799729752,
      "k2": 0.11397959960873855,
      "p1": -0.005200188648577264,
      "p2": 0.006666858087286094,
      "is_fisheye": false,
      "cx": 632.5140873588898,
      "cy": 349.38916723935506,
      "w": 1280.0,
      "h": 720.0,
      "aabb_scale": 4
    },
    {
      "file_path": "cam14/frame_00000000.png",
      "sharpness": 12.129982638888889,
      "transform_matrix": [
        [
          0.8140043519903275,
          -0.10572315945196648,
          0.5711563082789595,
          2.1650925034481383
        ],
        [
          0.5805713732048189,
          0.11715693847601294,
          -0.8057363913725124,
          -3.282504702805238
        ],
        [
          0.018270072512103476,
          0.9874699313463171,
          0.15674609764791778,
          0.18392259212864756
        ],
        [
          0.0,
          0.0,
          0.0,
          1.0
        ]
      ],
      "camera_angle_x": 1.1167645661243908,
      "camera_angle_y": 0.6790527881862659,
      "fl_x": 1024.4946581284848,
      "fl_y": 1019.2407190883137,
      "k1": -0.4282576436438064,
      "k2": 0.18018900763558074,
      "p1": -2.705032760601424e-05,
      "p2": 0.0018525447013634671,
      "is_fisheye": false,
      "cx": 618.4217274867015,
      "cy": 322.9275539543136,
      "w": 1280.0,
      "h": 720.0,
      "aabb_scale": 4
    },
    {
      "file_path": "cam15/frame_00000000.png",
      "sharpness": 11.542111545138889,
      "transform_matrix": [
        [
          0.9943096042513907,
          -0.1049924671455524,
          0.01802755465063493,
          0.0020359485334179735
        ],
        [
          0.03360692920424332,
          0.14856781311380762,
          -0.9883310069081317,
          -3.1902943274432696
        ],
        [
          0.10108899640149824,
          0.9833128631010727,
          0.15125087787202401,
          0.16336824205541584
        ],
        [
          0.0,
          0.0,
          0.0,
          1.0
        ]
      ],
      "camera_angle_x": 1.1189031971759527,
      "camera_angle_y": 0.6791413532558568,
      "fl_x": 1022.0608017802318,
      "fl_y": 1019.0970093263295,
      "k1": -0.3878943436943958,
      "k2": 0.1314377985988501,
      "p1": 0.0009682196104751619,
      "p2": 0.002218680145887714,
      "is_fisheye": false,
      "cx": 641.9008193090875,
      "cy": 345.91758797349866,
      "w": 1280.0,
      "h": 720.0,
      "aabb_scale": 4
    },
    {
      "file_path": "cam16/frame_00000000.png",
      "sharpness": 11.092719184027779,
      "transform_matrix": [
        [
          0.8438743423321434,
          -0.0733359805124714,
          -0.5315053417476776,
          -2.1188740006242206
        ],
        [
          -0.5264477604822828,
          0.07806649431601566,
          -0.8466158384700799,
          -3.262256804480801
        ],
        [
          0.10358016137206844,
          0.9942471807443501,
          0.02727074884554085,
          0.05717590812113855
        ],
        [
          0.0,
          0.0,
          0.0,
          1.0
        ]
      ],
      "camera_angle_x": 1.119929805679516,
      "camera_angle_y": 0.6794002978693717,
      "fl_x": 1020.8954268249291,
      "fl_y": 1018.6770404609563,
      "k1": -0.39947681116817874,
      "k2": 0.14246962541177313,
      "p1": 0.00011717268297587489,
      "p2": 0.0018282984968983457,
      "is_fisheye": false,
      "cx": 643.6200720907003,
      "cy": 347.4233213416112,
      "w": 1280.0,
      "h": 720.0,
      "aabb_scale": 4
    },
    {
      "file_path": "cam17/frame_00000000.png",
      "sharpness": 9.53213107638889,
      "transform_matrix": [
        [
          0.4044238975965405,
          -0.43482398930266125,
          0.8045926978106938,
          3.1409823960039875
        ],
        [
          0.9041096348766715,
          0.057393303311761366,
          -0.4234285971189664,
          -2.224276296172538
        ],
        [
          0.13793867903622078,
          0.8986846538427501,
          0.4163397816253297,
          2.5289020380934977
        ],
        [
          0.0,
          0.0,
          0.0,
          1.0
        ]
      ],
      "camera_angle_x": 1.1188272635014658,
      "camera_angle_y": 0.6783440108600596,
      "fl_x": 1022.1470752755447,
      "fl_y": 1020.3921133250985,
      "k1": -0.4123477312936498,
      "k2": 0.1690459983735501,
      "p1": 0.00036913019243425523,
      "p2": 0.000631017671220455,
      "is_fisheye": false,
      "cx": 645.8527048472247,
      "cy": 332.12527049339445,
      "w": 1280.0,
      "h": 720.0,
      "aabb_scale": 4
    },
    {
      "file_path": "cam18/frame_00000000.png",
      "sharpness": 12.090479600694444,
      "transform_matrix": [
        [
          -0.2711566205431492,
          -0.5917945843065134,
          0.7591134678766067,
          3.1242650307786226
        ],
        [
          0.9625218349205834,
          -0.1708748112949582,
          0.21060274491569667,
          2.2116679866615927
        ],
        [
          0.005079806693681156,
          0.7877696166019699,
          0.6159490455494581,
          2.3972738406379697
        ],
        [
          0.0,
          0.0,
          0.0,
          1.0
        ]
      ],
      "camera_angle_x": 1.1218837115698328,
      "camera_angle_y": 0.6806429659621308,
      "fl_x": 1018.6826758072891,
      "fl_y": 1016.6658954505584,
      "k1": -0.3983171428477261,
      "k2": 0.13554957790556982,
      "p1": -0.0005278680253330933,
      "p2": 0.0008257293883633972,
      "is_fisheye": false,
      "cx": 640.5159252749476,
      "cy": 329.58441085114964,
      "w": 1280.0,
      "h": 720.0,
      "aabb_scale": 4
    },
    {
      "file_path": "cam19/frame_00000000.png",
      "sharpness": 10.930928819444444,
      "transform_matrix": [
        [
          -0.0476903049455431,
          -0.6189513052192256,
          0.7839801761346818,
          3.1785686719234065
        ],
        [
          0.9925810701793996,
          -0.1172469304223046,
          -0.03218658770459112,
          -0.06190180811508328
        ],
        [
          0.11184119963403891,
          0.7766288940444082,
          0.6199508907892035,
          2.4063690371472957
        ],
        [
          0.0,
          0.0,
          0.0,
          1.0
        ]
      ],
      "camera_angle_x": 1.124288460651944,
      "camera_angle_y": 0.6828205653269258,
      "fl_x": 1015.9687840273582,
      "fl_y": 1013.1586168017882,
      "k1": -0.4046614465158147,
      "k2": 0.14867618100139865,
      "p1": -0.0002678736312037605,
      "p2": 0.0006347623199806057,
      "is_fisheye": false,
      "cx": 628.3266510659513,
      "cy": 360.19418625830497,
      "w": 1280.0,
      "h": 720.0,
      "aabb_scale": 4
    },
    {
      "file_path": "cam20/frame_00000000.png",
      "sharpness": 4.4035828993055555,
      "transform_matrix": [
        [
          -0.023318431453739026,
          0.41196957621013325,
          0.9108991815905474,
          3.314197556552079
        ],
        [
          0.9997040162228811,
          0.003285946704003282,
          0.024105652907566243,
          -0.0008923305916635266
        ],
        [
          0.006937629449171885,
          0.9111916762251782,
          -0.4119242630218863,
          -1.759540230916852
        ],
        [
          0.0,
          0.0,
          0.0,
          1.0
        ]
      ],
      "camera_angle_x": 1.1231055797300997,
      "camera_angle_y": 0.6785652261390401,
      "fl_x": 1017.3024339211476,
      "fl_y": 1020.0325054208205,
      "k1": -0.38834987724435266,
      "k2": 0.12802552867706113,
      "p1": -0.0010195946878004541,
      "p2": 0.0008276841738974726,
      "is_fisheye": false,
      "cx": 651.0005240427432,
      "cy": 360.28643907217213,
      "w": 1280.0,
      "h": 720.0,
      "aabb_scale": 4
    },
    {
      "file_path": "cam21/frame_00000000.png",
      "sharpness": 4.497018229166667,
      "transform_matrix": [
        [
          0.3962218068607956,
          0.4092689743821897,
          0.8218924420912174,
          3.2950505289793353
        ],
        [
          0.9070752294880882,
          -0.03584033562087112,
          -0.41944010107727586,
          -2.1736235842146954
        ],
        [
          -0.14220691901385207,
          0.9117095902431294,
          -0.3854384713982782,
          -1.8081608818726058
        ],
        [
          0.0,
          0.0,
          0.0,
          1.0
        ]
      ],
      "camera_angle_x": 1.1253470752739998,
      "camera_angle_y": 0.6826091269768707,
      "fl_x": 1014.7773610269244,
      "fl_y": 1013.4982204046322,
      "k1": -0.38480856610730085,
      "k2": 0.1181398058085533,
      "p1": -0.0008707581849895486,
      "p2": -0.0002590234899530761,
      "is_fisheye": false,
      "cx": 666.2092633809724,
      "cy": 345.05574624817444,
      "w": 1280.0,
      "h": 720.0,
      "aabb_scale": 4
    },
    {
      "file_path": "cam22/frame_00000000.png",
      "sharpness": 1.4459635416666667,
      "transform_matrix": [
        [
          -0.37516510646098,
          0.3962098768340746,
          0.8380148425796516,
          3.3248650566434175
        ],
        [
          0.9227449334566394,
          0.07353227235431539,
          0.3783315909391031,
          2.121848038165399
        ],
        [
          0.08827757740689585,
          0.9152107617440572,
          -0.3931873992202459,
          -1.7736779726269767
        ],
        [
          0.0,
          0.0,
          0.0,
          1.0
        ]
      ],
      "camera_angle_x": 1.1272648871381086,
      "camera_angle_y": 0.682952559327098,
      "fl_x": 1012.6240352932833,
      "fl_y": 1012.9467158896814,
      "k1": -0.39921647160304163,
      "k2": 0.15434903299272337,
      "p1": -0.0007728488191089916,
      "p2": 0.0037293115479846515,
      "is_fisheye": false,
      "cx": 639.222928388962,
      "cy": 333.61031642331244,
      "w": 1280.0,
      "h": 720.0,
      "aabb_scale": 4
    },
    {
      "file_path": "cam23/frame_00000000.png",
      "sharpness": 13.627515190972222,
      "transform_matrix": [
        [
          -0.5456924727805654,
          -0.16387166303213332,
          0.8218064268404476,
          3.2137441133346196
        ],
        [
          0.8374341698029478,
          -0.07107338531959272,
          0.5418972090218405,
          2.0943566885404414
        ],
        [
          -0.030393032001931716,
          0.9839180107838723,
          0.17601594146947744,
          0.3312004458486715
        ],
        [
          0.0,
          0.0,
          0.0,
          1.0
        ]
      ],
      "camera_angle_x": 1.116390876220829,
      "camera_angle_y": 0.6785663489622977,
      "fl_x": 1024.9207889551824,
      "fl_y": 1020.0306807325173,
      "k1": -0.41127445612804425,
      "k2": 0.16884581534017484,
      "p1": -0.0013908579020956782,
      "p2": -0.0003833541198662552,
      "is_fisheye": false,
      "cx": 632.768482076845,
      "cy": 353.67146314599717,
      "w": 1280.0,
      "h": 720.0,
      "aabb_scale": 4
    },
    {
      "file_path": "cam24/frame_00000000.png",
      "sharpness": 12.788374565972223,
      "transform_matrix": [
        [
          0.5750149350865766,
          -0.1341941757794961,
          0.8070624186547106,
          3.2247195242598012
        ],
        [
          0.8021743822823563,
          -0.1014714368876567,
          -0.5884044594544425,
          -2.1312535997384825
        ],
        [
          0.1608542347403898,
          0.9857461492054953,
          0.04929953836670965,
          0.3652290672892034
        ],
        [
          0.0,
          0.0,
          0.0,
          1.0
        ]
      ],
      "camera_angle_x": 1.1278340527567272,
      "camera_angle_y": 0.6855812965888329,
      "fl_x": 1011.9862311381016,
      "fl_y": 1008.7429141610412,
      "k1": -0.38319999583818437,
      "k2": 0.12153294838965858,
      "p1": -0.002601133888114003,
      "p2": 0.0003663038284805357,
      "is_fisheye": false,
      "cx": 669.2492363389052,
      "cy": 318.7558341536817,
      "w": 1280.0,
      "h": 720.0,
      "aabb_scale": 4
    },
    {
      "file_path": "cam25/frame_00000000.png",
      "sharpness": 17.645052083333333,
      "transform_matrix": [
        [
          -0.02252238114011746,
          -0.025435260790053347,
          0.9994227283021281,
          3.178134511438615
        ],
        [
          0.9996976521296268,
          0.009292770602345533,
          0.0227650772246428,
          -0.09534786280905312
        ],
        [
          -0.009866441824996481,
          0.9996332787145611,
          0.025218275171767356,
          0.38907543917696014
        ],
        [
          0.0,
          0.0,
          0.0,
          1.0
        ]
      ],
      "camera_angle_x": 1.1311283298860524,
      "camera_angle_y": 0.6875023759406094,
      "fl_x": 1008.3059239104088,
      "fl_y": 1005.690310196459,
      "k1": -0.38951187905117474,
      "k2": 0.1308306545718329,
      "p1": 0.0005554211462169896,
      "p2": -0.00020077008388581677,
      "is_fisheye": false,
      "cx": 614.3611606149631,
      "cy": 360.96612477985735,
      "w": 1280.0,
      "h": 720.0,
      "aabb_scale": 4
    },
    {
      "file_path": "cam26/frame_00000000.png",
      "sharpness": 4.44188150129907,
      "transform_matrix": [
        [
          -0.8546325897575872,
          -0.203873168802024,
          0.47753415328896637,
          2.0855479809647908
        ],
        [
          0.5191292981021965,
          -0.317098600275373,
          0.7936959427610298,
          3.1330129672154556
        ],
        [
          -0.010387895324384331,
          0.9262203888586765,
          0.3768393329839133,
          2.5453697768816363
        ],
        [
          0.0,
          0.0,
          0.0,
          1.0
        ]
      ],
      "camera_angle_x": 1.1250932407520975,
      "camera_angle_y": 0.6828112742063921,
      "fl_x": 1015.0628579977147,
      "fl_y": 1013.1735355733584,
      "k1": -0.4141535396628879,
      "k2": 0.173954198318256,
      "p1": 0.00027729395068715206,
      "p2": 0.0013401851423650896,
      "is_fisheye": false,
      "cx": 680.997024544279,
      "cy": 346.61663334576787,
      "w": 1280.0,
      "h": 720.0,
      "aabb_scale": 4
    },
    {
      "file_path": "cam27/frame_00000000.png",
      "sharpness": 9.271321614583334,
      "transform_matrix": [
        [
          -0.9989199208679792,
          -0.02467022213989891,
          -0.03937476124660454,
          -0.01605768069498917
        ],
        [
          -0.015519577841750449,
          -0.6215953854560867,
          0.7831847288368898,
          3.146221806640385
        ],
        [
          -0.04379651113130706,
          0.7829499070269225,
          0.6205411418188218,
          2.2978462305351823
        ],
        [
          0.0,
          0.0,
          0.0,
          1.0
        ]
      ],
      "camera_angle_x": 1.1403235393390654,
      "camera_angle_y": 0.6939044335037144,
      "fl_x": 998.1334800802974,
      "fl_y": 995.6345989925941,
      "k1": -0.39242273990134036,
      "k2": 0.1275787090557494,
      "p1": -0.0011206352342967715,
      "p2": -8.77474206150625e-05,
      "is_fisheye": false,
      "cx": 668.1523597911535,
      "cy": 338.02169800879875,
      "w": 1280.0,
      "h": 720.0,
      "aabb_scale": 4
    },
    {
      "file_path": "cam28/frame_00000000.png",
      "sharpness": 8.585507408193894,
      "transform_matrix": [
        [
          -0.9221529704383117,
          0.01127807601957515,
          -0.3866609679081194,
          -2.2668085856697395
        ],
        [
          -0.337824856243093,
          -0.5104084425242625,
          0.7907955414039018,
          3.145220455719669
        ],
        [
          -0.1884363701830127,
          0.8598581434133566,
          0.4744846758205525,
          2.246547652850072
        ],
        [
          0.0,
          0.0,
          0.0,
          1.0
        ]
      ],
      "camera_angle_x": 1.1291447991034285,
      "camera_angle_y": 0.6852870032807804,
      "fl_x": 1010.5195959645469,
      "fl_y": 1009.2119994894421,
      "k1": -0.4304846204731093,
      "k2": 0.1983710989751692,
      "p1": -0.00046374735500795525,
      "p2": -0.00025351355963185276,
      "is_fisheye": false,
      "cx": 647.615147007556,
      "cy": 375.0015693915873,
      "w": 1280.0,
      "h": 720.0,
      "aabb_scale": 4
    },
    {
      "file_path": "cam29/frame_00000000.png",
      "sharpness": 4.326514756944444,
      "transform_matrix": [
        [
          -0.9991557397932331,
          -0.021403565579346293,
          0.03506700741832611,
          0.15198365325823296
        ],
        [
          0.01921524773943729,
          0.5109797372178687,
          0.8593779624862802,
          3.0777142629489647
        ],
        [
          -0.036312282813153206,
          0.8593262451050045,
          -0.5101370625441569,
          -1.9318197712191816
        ],
        [
          0.0,
          0.0,
          0.0,
          1.0
        ]
      ],
      "camera_angle_x": 1.1217738439439546,
      "camera_angle_y": 0.6790234823318398,
      "fl_x": 1018.8069155740642,
      "fl_y": 1019.2882800527608,
      "k1": -0.42742650069062693,
      "k2": 0.19397379660407138,
      "p1": -0.0009620203260634124,
      "p2": 0.0030413269334495026,
      "is_fisheye": false,
      "cx": 640.7165383090756,
      "cy": 337.23969929594466,
      "w": 1280.0,
      "h": 720.0,
      "aabb_scale": 4
    },
    {
      "file_path": "cam30/frame_00000000.png",
      "sharpness": 3.6557899305555557,
      "transform_matrix": [
        [
          -0.85555328002198,
          0.1434858158884765,
          0.49743382039523504,
          2.308888186715342
        ],
        [
          0.5128218452675098,
          0.3666638096329102,
          0.7762547299191852,
          3.1600193455386387
        ],
        [
          -0.07100943636662625,
          0.9192222099884866,
          -0.3872830858704338,
          -1.828878337282517
        ],
        [
          0.0,
          0.0,
          0.0,
          1.0
        ]
      ],
      "camera_angle_x": 1.1310916743355535,
      "camera_angle_y": 0.6848309524179733,
      "fl_x": 1008.3467697064117,
      "fl_y": 1009.9396813815104,
      "k1": -0.41697131943965,
      "k2": 0.1663175657501682,
      "p1": -0.0014709615256959811,
      "p2": 0.0005764593352221067,
      "is_fisheye": false,
      "cx": 667.1556316223166,
      "cy": 335.386089648812,
      "w": 1280.0,
      "h": 720.0,
      "aabb_scale": 4
    },
    {
      "file_path": "cam31/frame_00000000.png",
      "sharpness": 3.8690169270833334,
      "transform_matrix": [
        [
          -0.9091120664854135,
          -0.2058371023098477,
          -0.36214132306857116,
          -2.0497782280831567
        ],
        [
          -0.41649740919022915,
          0.43514989556662265,
          0.798232094397478,
          3.1333187729979253
        ],
        [
          -0.006720022367850393,
          0.8765133516914524,
          -0.4813306406167598,
          -2.0208075264678054
        ],
        [
          0.0,
          0.0,
          0.0,
          1.0
        ]
      ],
      "camera_angle_x": 1.1126148905008708,
      "camera_angle_y": 0.6731084098319833,
      "fl_x": 1029.2410247934092,
      "fl_y": 1028.9694457974174,
      "k1": -0.4254895192979632,
      "k2": 0.17882033367849287,
      "p1": -0.003163849294018412,
      "p2": 0.00033202539726621613,
      "is_fisheye": false,
      "cx": 644.9921141845293,
      "cy": 384.2995796763939,
      "w": 1280.0,
      "h": 720.0,
      "aabb_scale": 4
    },
    {
      "file_path": "cam32/frame_00000000.png",
      "sharpness": 11.380017361111111,
      "transform_matrix": [
        [
          -0.8287159204703061,
          0.15564510162994238,
          -0.5375914112857524,
          -2.066300218336932
        ],
        [
          -0.5562527762302314,
          -0.12308395565988733,
          0.8218474242797595,
          3.151378148269853
        ],
        [
          0.06174764844649777,
          0.9801147597033789,
          0.18857965349810188,
          0.07881286571121558
        ],
        [
          0.0,
          0.0,
          0.0,
          1.0
        ]
      ],
      "camera_angle_x": 1.1213064617381447,
      "camera_angle_y": 0.6815721690257973,
      "fl_x": 1019.3356804969477,
      "fl_y": 1015.1666709398883,
      "k1": -0.3874490962619262,
      "k2": 0.12713132023679796,
      "p1": -9.897933598776311e-05,
      "p2": -1.8321465757719298e-05,
      "is_fisheye": false,
      "cx": 656.4746008197438,
      "cy": 355.4050065570766,
      "w": 1280.0,
      "h": 720.0,
      "aabb_scale": 4
    },
    {
      "file_path": "cam33/frame_00000000.png",
      "sharpness": 8.330305989583334,
      "transform_matrix": [
        [
          -0.9989264739127192,
          -0.045498414359444204,
          0.008705974823493763,
          0.005950819004639989
        ],
        [
          0.015231626145599905,
          -0.14511438197711884,
          0.9892976365626068,
          3.0786701779559875
        ],
        [
          -0.043748111637124665,
          0.988368205895416,
          0.1456516127401674,
          0.16051418059138894
        ],
        [
          0.0,
          0.0,
          0.0,
          1.0
        ]
      ],
      "camera_angle_x": 1.1142242977976256,
      "camera_angle_y": 0.67630055663402,
      "fl_x": 1027.3964442563365,
      "fl_y": 1023.7246493365162,
      "k1": -0.3932940056514968,
      "k2": 0.1364745433863065,
      "p1": -9.544279793040554e-06,
      "p2": 0.00020194842081661506,
      "is_fisheye": false,
      "cx": 625.9690928452852,
      "cy": 364.81890251175685,
      "w": 1280.0,
      "h": 720.0,
      "aabb_scale": 4
    },
    {
      "file_path": "cam34/frame_00000000.png",
      "sharpness": 9.049240451388888,
      "transform_matrix": [
        [
          -0.803409375068613,
          -0.09263344849673152,
          0.5881772014129865,
          2.1472038860235236
        ],
        [
          0.5952596245689026,
          -0.10153089557073375,
          0.7970931291904941,
          3.1697831894022084
        ],
        [
          -0.014119327316217819,
          0.9905102328875022,
          0.13671182513532695,
          0.263406284653998
        ],
        [
          0.0,
          0.0,
          0.0,
          1.0
        ]
      ],
      "camera_angle_x": 1.1226328891013992,
      "camera_angle_y": 0.6827165741041641,
      "fl_x": 1017.8360747356464,
      "fl_y": 1013.3256179793112,
      "k1": -0.4264999485393908,
      "k2": 0.18233473369273032,
      "p1": -0.0004327561711755801,
      "p2": -0.00015643668506314099,
      "is_fisheye": false,
      "cx": 623.7888561856969,
      "cy": 363.9125684465723,
      "w": 1280.0,
      "h": 720.0,
      "aabb_scale": 4
    },
    {
      "file_path": "cam35/frame_00000000.png",
      "sharpness": 9.506293402777779,
      "transform_matrix": [
        [
          -0.998762843559848,
          0.0445566956855771,
          -0.022079021363679476,
          -0.1342701991123075
        ],
        [
          -0.04968563831840608,
          -0.8760477354602025,
          0.47965790157146704,
          2.099394798816533
        ],
        [
          0.0020296944866737008,
          0.4801614999793681,
          0.8771777552288944,
          3.3873350754145966
        ],
        [
          0.0,
          0.0,
          0.0,
          1.0
        ]
      ],
      "camera_angle_x": 1.1225864619411174,
      "camera_angle_y": 0.6809796733396812,
      "fl_x": 1017.8885099928758,
      "fl_y": 1016.1221800139194,
      "k1": -0.4208198332473427,
      "k2": 0.17574706729930248,
      "p1": 0.0008138524514503985,
      "p2": 0.0006417333001419911,
      "is_fisheye": false,
      "cx": 669.9502629374906,
      "cy": 339.69720985782413,
      "w": 1280.0,
      "h": 720.0,
      "aabb_scale": 4
    },
    {
      "file_path": "cam36/frame_00000000.png",
      "sharpness": 10.092194010416666,
      "transform_matrix": [
        [
          -0.7524292267630419,
          -0.5502554417760385,
          0.3620348153136325,
          2.0638140918124552
        ],
        [
          0.6570192468030976,
          -0.5880752739137136,
          0.47169182899600953,
          2.1039510687480654
        ],
        [
          -0.04664727256448159,
          0.5927785598357741,
          0.8040134395343583,
          3.5229863060554587
        ],
        [
          0.0,
          0.0,
          0.0,
          1.0
        ]
      ],
      "camera_angle_x": 1.1148641072472842,
      "camera_angle_y": 0.6757114607281276,
      "fl_x": 1026.6644665204158,
      "fl_y": 1024.688966105026,
      "k1": -0.4544303269063268,
      "k2": 0.24985580338362615,
      "p1": 0.0009249681715833533,
      "p2": 0.0010606465372678888,
      "is_fisheye": false,
      "cx": 655.2135908548939,
